70526128
32843730
78108058
20585944
47711206
97336344
24964786
51417890
453945
75607124
25055418
95254108
99732021
79446778
68910565
24073706
73918615
50867663
7884076
51115188
90527150
37969458
16543604
960444
62165178
8954022
94631853
58228915
85948220
88689712
1818570
9452554
25693686
73555024
98486356
22365041
32297409
55356514
58929467
54795897
80113957
88697328
27393509
19148563
16998903
18087729
62579814
98208604
39735370
84931387
96786611
60503122
58258501
43152208
21575600
94896683
73565875
37421846
94555859
36792953
85243569
75320379
8432644
3401256
87638074
59181564
88056938
30827235
19650665
51107157
51180191
92951538
92926413
72639996
26392585
11208017
15019474
24824300
81948248
54774190
32797042
36703278
16637348
72163723
18057882
11816778
17723038
50709465
40303158
61487530
76401322
74923337
7150176
71425452
15346635
19971223
16283083
16465488
10419374
83126385
97850616
2707864
7599936
32080985
78911008
54294208
26200300
89085006
70320989
93195631
88051584
21833483
65057751
48209900
84554213
73531712
35034441
84726374
74700985
71212344
43977101
58706759
72120329
15757660
44094403
24382257
89173908
82039247
18783205
42350285
32044696
29203760
39024313
69064517
72781428
11031944
8527322
59934744
15272374
29302992
59808224
33809086
34669834
12734839
91552168
40219714
59746598
31806843
20601551
23273841
99802409
18155608
44856388
72222132
66243901
92829608
40205480
51803714
84204574
62070118
87871881
49731381
4392606
97488297
26017889
66441080
53565707
23563990
85503683
71952095
15242937
69255000
94678601
34959868
18846772
8188729
17529689
79973060
24886166
1312007
96582302
22567271
50901998
74319870
82913048
97426903
62530438
49114296
52282077
1484486
82597696
50549087
8714611
86648458
48613247
93010954
43492387
75520942
86501757
43684818
82951453
49146306
64262056
67020655
83829885
20685547
66879391
41774632
19205527
17814115
78745558
4172155
81929227
12514786
61477250
31124827
40845861
94715248
82308230
64124097
98919989
9248455
11180920
4641929
31156981
75024806
33426295
12511229
37418534
57606894
51932144
61636067
85335939
90504689
92900665
66324081
76228251
29849095
1769381
74596291
84421746
8773859
71323813
60708044
46244583
59819562
51030131
77026232
95628923
1570671
2780829
15353617
17367664
59284043
74164797
41117594
13617765
4379796
8562382
90375926
92248691
77415936
96620825
8288496
46295453
12284629
13078572
58312775
70639458
40627796
27638959
76222946
70518834
91608566
40877456
13980469
422378
41714996
23699090
66407088
27383294
54642660
40638955
30942182
16061229
76804673
40003440
86196030
62890996
66392982
15987456
2573739
79798396
51556672
10435255
6425356
17357379
80086239
76116727
93266597
61720586
17003066
62510254
35784858
39546737
43505027
8966550
88202283
90655100
4078214
88502079
15233959
6972384
10745982
97152814
38721025
94612903
26127428
8988126
88520588
15825532
33908762
12884894
59977834
38189160
94300406
3766727
25759073
4933511
78428119
70715317
20759602
39210980
11696169
35118050
20617471
76264312
99781128
4341955
52670880
71902962
53222856
98853745
1809932
53449651
95093095
89768445
6347414
93808816
66214186
2774514
85817524
81700398
56134851
56483809
70280022
82917993
87395581
3196300
97025687
98297364
82356073
39857371
16677796
33464153
29969124
34755597
64964441
71902807
24811513
72138076
98973137
91507890
26592786
50906246
86981069
91379088
19420035
29383107
34526039
59058101
65958529
72778389
15311762
23130688
72946916
10550953
86789619
4525949
27920657
48985116
91597892
23588048
63201404
91145256
81229825
95355314
24036722
9337326
1219587
74026931
8877876
77205882
36949828
12028103
66214917
4097201
50865784
76353217
34013934
57227192
43753877
75022065
97834998
1223047
15114878
35308488
19875789
11233103
44866609
30279097
22052548
12548855
61555238
6566923
31337921
28344506
93160422
59008933
85388065
56454787
16831292
98379185
53042181
47753962
89816550
82999453
73937607
99928937
64126321
18842571
11697457
7535443
986649
42756464
58229329
6917223
51324437
3863045
68399885
23268468
9147134
59043562
42952022
58320230
34344614
18035051
68927525
77365315
86721243
57669328
79238849
66267573
50009080
99726686
67597217
70517463
47421943
13158010
13953903
61357871
33159338
84849024
28767682
65868813
1427893
72067812
86050611
43765344
63174091
43891196
11072852
89485232
44460912
56418235
88086788
92674286
66060340
31858531
25728573
2032235
34046179
7361653
17966643
17158052
70931078
79459532
14902556
34501976
9044408
32230046
47367330
15074129
37784803
86518956
58683128
11508109
29434290
17622862
9991394
63465544
60609639
69092615
28480617
35854693
50891827
36178097
44970088
21863387
9549332
81432296
5261249
46593099
11800039
35566067
24381346
55400116
89502171
96872737
85340006
59296356
32041163
53659034
71396655
53179878
51364578
56807680
93687928
83488152
27006072
42717840
19391007
44478993
96910475
32260298
6890570
7407591
45156610
7666857
55039633
77371934
24311967
59753338
90689481
68135982
14130519
48143421
10974537
39916869
55378208
65249632
88084039
84253399
2852331
58261284
78284954
15680041
70186729
66756907
68238272
15990183
64629631
18038043
8582922
21322389
7961861
45262401
33999641
64707994
82198663
66614657
54207539
54313020
90245865
14627278
82626138
4421858
69857416
94284603
47929820
57048960
48804069
77542003
13150354
94388166
16872574
35493354
55442886
84075415
2420475
29599270
90581205
39144687
90551838
29493109
73160711
50198296
96970168
21636739
54936869
85276926
78919401
64497837
7070249
21744997
55242172
45644454
95444313
59771322
65903560
44967716
91637810
86120967
9298134
98552140
40561976
54653236
78999583
79736104
52318947
59864773
30139527
485257
15720765
89138439
97397381
13884820
9309365
86723510
27324190
1946970
86368784
576241
82354978
13916712
76876365
41315066
62514096
60763215
73332042
23258500
77552452
97596661
36930865
50555727
33234304
7557200
43725493
98223074
45924142
63420249
34638313
9924475
12798626
57056102
36062301
19367926
21011073
80798391
77109132
66373278
56078706
70836110
72260694
48408856
63002559
74638066
80169474
88597311
99122969
51187864
97101974
69401308
51215457
29270038
61341745
24263145
79601486
59720436
93691549
49390650
17232233
27064850
93719696
8107020
53633070
98516921
38325092
12088670
84201824
57517543
38663393
55650916
24554606
83165392
81719506
16587490
74185567
64349715
11489606
14471371
29295664
45576853
89480807
4564733
2120418
49496426
91468022
63253129
37526156
95693816
82727433
19657702
38816398
21685678
12041932
46802314
47310793
19265227
16927006
44170459
50348620
29412738
59250390
78728172
29581876
55637594
41810859
36110188
43780545
74083015
37640073
14406383
26785489
29715871
79415225
64423824
58649275
92861561
53186536
99266972
9916205
70163591
98246813
9863187
38134057
606888
21754192
76809175
83475335
77384910
80806021
39169097
5112519
36903725
85793907
12857721
24001771
57787776
72179547
21894660
29187636
72256439
38536996
55946178
54052340
74831035
42397941
93006586
80749689
81069390
75007642
172656
61576661
48637180
17219292
51120047
88481856
86670328
47551268
38714064
15999718
50432827
36986875
30249815
23218390
89324572
41622819
12136877
68315927
37043598
81159422
39649540
2464869
19960849
12878873
42770660
12965234
78125946
34751875
56659407
85140277
13852740
68026181
93550636
12329920
65065765
15834266
78123792
48551143
25760012
57670519
96254783
3026868
75889667
69760800
39898570
72498259
17748316
57379520
33681702
76626191
10527825
24794766
17956434
86907286
97876152
41272514
71241601
78119283
62881017
64479229
99448198
40448381
23212283
11530376
90546753
86760162
91545858
8767073
80630395
95876685
7460112
18029892
9210646
82834227
16766496
33947399
71856732
36962787
54262274
95462952
77030775
46536287
49578282
56709746
31824222
26449280
84111670
19514196
82543238
47214921
67677723
2334773
89721808
54851752
10487058
23578123
57162762
71548110
51575601
90894577
87089789
69352193
58324336
85866791
60249513
37972246
41389323
76887423
67395076
8409468
81602058
38266932
65003918
70889534
99191624
41297410
64165938
18231330
78851293
99796744
92594889
16974115
37279268
57271735
86956077
58357389
66371215
40436190
29075671
6426809
98108708
44199500
33077557
5074047
72995285
80356695
2716259
85038021
84536530
59685262
15530536
40630089
33018403
2386146
71857495
20913453
98519883
14686071
41309496
54584767
91753757
52354992
25108595
78176161
90277192
66446199
96794292
61857668
36677023
70319675
1152423
77739542
65254537
94470410
17492166
24223978
18070897
39695292
58778478
92924642
44454221
90965615
61319790
48849471
75202113
62369465
10294243
13106065
32176028
60171825
12236
22660116
23695591
5485668
94398009
40042901
23570787
41385691
90103954
99424215
18432356
58751376
31842914
97653983
22373216
58554910
28474211
73816235
58754644
50724812
85469264
65741192
18390004
39769673
53540979
8241310
43367767
85631996
74796772
3130334
34093309
82211779
40856548
44326064
74366003
86988581
46541645
14455169
62372241
5578250
88738691
96434257
95635911
71328276
63310675
46911488
89022935
19794885
8180253
26147002
14093803
9441359
77582525
57929515
88697457
45480043
37249387
10062832
99371407
67421114
60246993
88355661
70652062
78141544
39616588
52349192
39092051
10409310
87682382
99377581
34945109
15767285
23011853
12705988
70336517
20214520
26919084
10095543
98992424
56320430
95535400
4508404
8403439
76211970
80634712
85104015
54636778
52872987
5682331
74045937
79466977
96048898
98043217
94787387
17802323
8859381
49438291
48823875
13807516
84220131
42230406
63296935
4372601
39640445
33043036
45236137
24994402
42423495
7174719
61911538
90583141
12941643
2937905
65875640
40817932
98606621
30379110
69075542
51648562
75946599
79997044
86288097
30169730
54759791
52070530
40626021
40465326
18774326
16701070
44545135
24436960
75267570
38295939
64595035
76548535
95600997
91141030
64426140
69290697
95899586
66095845
80054915
26252332
12266574
25861476
12181245
77324252
60721770
50593172
57686056
36552120
62442244
90054179
92699314
9876973
87811303
47851656
65610773
74024471
92984572
72019671
81726118
98998667
27579489
39601107
38820995
52383246
50401439
40320312
58130400
95456305
35601676
73394589
60195627
42427350
70674139
75901801
12224806
49553872
48325878
45187771
60687832
84815682
69744510
29356255
92253013
75900792
37503845
78106946
48927715
55034394
73004112
96944147
67146836
31837222
58481618
75409840
59063328
58772881
3460686
47356235
9727432
80976501
95246572
74783556
34634647
70547004
90514596
11510170
67987360
72791319
76997845
29705535
96971252
83625604
95675396
70141423
81233355
51616458
35586323
12655210
6903270
32480807
74860489
9482085
37078665
37178557
3928068
43897708
21550840
31366248
95238486
48117989
5035288
67083853
68103148
49590442
35107081
51593291
537602
25008446
49942609
88220572
65392414
77961956
54223037
58319550
50779777
50939790
14734595
90290874
99887243
88888015
68828486
84153983
1092005
25747471
880609
70662149
97337053
652855
75395766
57294110
97735749
74190209
92869311
78288722
13403804
65443126
1713509
91279513
67921201
24095395
75645770
69169336
30183786
15376395
28129933
16416343
3924649
34541398
43588548
74614257
571565
72796710
62780293
6102104
76085117
74635962
13097874
12123916
57116420
41622022
32160809
60909684
99975577
77046300
84690118
71884341
84392488
70808303
42158588
48695209
7465375
73262794
29695431
77735430
89062237
90814816
45493022
24188648
5238492
91999901
34315327
97596815
8736947
65988852
24011738
37142189
2007205
37464081
94052089
34448105
38369667
28337584
20374061
89599099
204302
44140716
38765167
70559098
66661465
92060271
43349978
19160264
31170460
44578934
22236333
88202025
40299241
94383695
33672670
43840094
83501180
33873026
53348935
39283832
80668405
86137628
53340514
89757606
98910376
35116676
45606718
20908303
31593414
46824739
24742855
7999699
42787438
51044936
76092468
74815597
32667102
72441440
24043555
14905526
52566142
96455875
66694634
74398276
9971101
17350837
94226404
49245866
36406543
78783415
93745930
49608180
14369923
27022791
22338387
50930493
99865940
50560289
92461958
96842730
14048042
58672330
25677701
24738751
36764771
92814287
69630809
56581006
35387905
16256557
138386
22621083
40646992
28718893
22497985
19467296
67521534
63414080
34756501
8180091
58405492
95918020
97148629
27277266
89765556
81744289
33681497
88523238
53798562
19100590
64210259
35116776
27467567
18016635
26466184
22210176
53300632
31650603
1599270
96201413
68732829
57705444
45113454
25406494
50186920
82996242
46046804
94877157
73133672
35783768
25945083
8000248
11954076
36981393
94010566
37436422
1386445
52531318
69247692
82183025
2800588
19488012
24154466
89384569
24212590
66623425
39077311
8249648
29415047
24239925
91159866
63484512
74440892
25572144
34671437
86344459
21855193
16100913
99831411
73747232
54417191
86501435
38192607
94551504
58968594
91770822
49121773
50870341
25070849
31059919
87438730
54184318
90507114
39800016
78231080
98693547
62035352
58292521
78015881
73498175
50019001
95380301
97667317
627965
88701095
20010894
27997925
98004081
39720557
11692983
86332904
87774576
47461274
67558505
48345926
72349667
92906263
70705551
58373103
35445327
69841325
20469942
34974439
44771520
75152425
28386775
21693700
10287912
51836080
37850179
88624378
52593739
93240839
98178445
3377193
98627819
36101172
63458020
78219965
40126774
6584115
75326991
72946032
29312697
24454537
74531045
21942625
48767992
10942807
4003135
10948098
33325624
45187004
62565292
35296122
51832126
12614424
44868524
78488136
50519030
49150178
91801412
82681597
43256559
96748692
70518683
58305430
5341664
81626076
52080422
43312140
68083383
34338753
82802760
13119351
4804112
22151
77890410
95372096
91923888
10307695
16148179
974686
5994920
59958036
40854456
16478501
89076844
30902968
22356737
78760562
13047679
6681780
28206050
7247369
3130054
41388330
99000365
89714292
5658785
79087619
44639210
28142998
69817446
80729368
83460336
79885500
64081014
82493658
34728522
42091577
20109726
95388589
31417565
39400285
97453409
80447151
87898168
23681809
66316253
66825021
41635976
19057208
60547911
39608126
82273195
3627456
87160587
66864389
3021600
25455563
39774865
56083161
77383724
23289307
34084793
37607210
1116925
4241817
4290937
7068384
41844816
83862108
42734521
81870668
68138831
85848313
12524384
72030822
19860557
93056619
50935110
70711338
60250003
72912031
48563087
3504816
55559680
3005948
21891989
8983598
74398192
17050226
22708258
65498595
64620498
63872192
29126538
94745628
97222162
3435252
56731630
43398547
25187603
1139994
5465860
87551238
66029886
16924659
67698962
26394881
5079270
82862909
32202728
46182352
14657768
87018144
56356217
86872949
99023934
28128386
86980585
37054119
16382524
76677979
996224
78303427
95891659
88775436
44671929
93058928
30257647
536026
27046306
21781091
38315686
93919196
73508393
58230991
2090286
61657106
51581817
32975422
88561788
76369213
18415865
83314007
34947394
61145740
40883946
85391249
18972828
322565
91506420
95933332
90160460
31600939
51828255
40884217
62964017
72181252
93450188
78640759
47402033
70655401
81717631
415311
25963725
3207198
92632601
87877970
40242136
53857284
61603947
82947970
36833011
37648642
41115346
67888739
68111798
38267391
86994311
84235105
32760842
33701051
21379090
96875166
34989505
84979476
1098973
58943800
79255894
1320246
51821024
64683203
38124943
99977348
18891548
11231780
33266260
15732377
15833524
97371159
55685082
67990274
55844965
22117095
57712082
67996442
26347409
74591888
19273717
12230241
76239704
24482760
46653671
57508157
55892115
43503745
85742034
44837176
1623774
22694665
81348063
83260286
5868287
39061283
10368515
73578664
50010482
76028907
78161885
55656608
17978001
59905652
30910410
52024237
96552862
58364810
34922700
75304079
95901403
37711461
47832103
80587425
86083808
67197999
85494735
24420419
27539579
47798982
93188532
41634959
76588897
96097984
27970883
46486439
7947001
99717560
9907497
40088406
10538362
2454567
65849652
223595
81526753
80196052
83599611
79052399
74561872
52447781
31175457
66037297
8910681
56029045
25886068
23351674
38522401
19057045
59546600
3661853
9204725
78321076
79129009
96640346
71879940
62014642
54316143
7947015
21615201
69058089
47158479
90584900
20295670
91289055
50385686
90170063
8322018
74997626
59930642
75280591
886595
99837511
32999346
54483652
65767004
97095770
98082407
65059958
62338779
96766990
6705334
48612463
21992531
45360367
85441823
60757596
80317152
62178544
21518372
17386537
33716895
79144391
30897813
72662068
23975393
60279925
87711872
30550435
18374029
84182444
15706992
44737537
11073311
14955811
91249967
10486716
76343098
45619912
68285911
74495468
87261655
17836974
35040275
14764115
52149955
93267871
32439398
5349358
49254670
47358073
81865669
6265522
48721059
99139766
4891243
35945352
11511128
82792790
64030777
40291505
86523471
68239246
16069997
41832282
98393956
42760148
88535088
68572913
87797339
9246901
21748919
14084201
51293249
42545131
1740708
1621364
62263532
61908999
38569882
10368861
80396416
40137060
75007697
22676934
37529361
25072856
7600636
22569732
5362292
78860307
22699999
68581989
68022682
64911261
57206588
43484083
62729948
99838619
51799974
4739618
15602255
24080893
82942569
62142016
24814293
59716950
38594472
39417473
91419727
85741141
20734039
62517069
54463101
50384702
15727739
86343644
59853595
53289419
31673039
9745892
53888305
60703192
11641532
21617738
48553839
62564947
96191889
3580130
10779810
27875179
49023928
94264500
99834834
19351056
96939861
60380957
41527604
73175200
11299628
89861647
89836073
22064056
56768998
24954898
29058335
61651150
55688261
29287064
56957069
91035873
92285261
78502187
74123971
84235731
5580613
5710022
92792967
62165672
33258529
22025677
56197050
85902702
45652074
28399956
62281444
11191931
86986075
40580612
34313314
91048724
42937625
67369929
34562599
87448083
15719872
38528798
94646004
82802118
10066790
75787673
95575278
81913466
78202404
53251752
42407134
40355811
55830102
88145831
9071615
19539832
64864779
76210978
37805666
60845362
90944845
98486727
92431403
5290817
89576665
80796304
50770241
85590797
17749842
44598879
91259562
9510934
20798399
25724450
41121705
91936344
26803553
18328816
73670244
554453
49901156
62416287
20048350
49432492
49148684
94564713
21288781
77500319
90317274
12508618
70942653
97475139
58280742
40593630
49477192
15526028
52799051
54748436
11671765
58572916
72744866
72372272
27509905
85554112
57873063
147752
19230744
70459138
54730546
42241810
92877166
88596685
18951983
42364459
75283159
49179966
611937
16398805
2331503
14360913
17312876
2628229
91367734
64243394
10131738
27534444
29101953
39195778
87390818
478693
86993305
5557790
36052368
2733820
95034529
47421722
9058599
83406666
18465870
40561412
8259221
48142345
68291668
13802299
23175317
5932456
49725895
92463222
12634361
29267646
89455153
52165687
66185527
78661736
71729678
6013932
82343357
7199100
15392753
30588081
51910214
63607827
30570683
44871996
99458129
49731118
30290887
17508941
17586400
89746575
61911828
27963512
64827285
74202194
63722118
38920891
46460994
89643837
84732598
45642228
40592690
43812704
13488042
84158838
72159742
27637769
68912109
81248976
16711784
29172612
54712508
20728595
95115087
1647910
82012371
80707686
19604776
51253991
73769599
11119172
10443051
58218624
27913507
60184181
38200165
81680066
99498418
49972633
12653157
83176452
5292262
36805166
52518948
2112118
83273667
25691422
43736562
47129029
80062779
31189803
56022769
89544868
13339454
59955073
79660650
15498160
69065914
55735998
26657210
27959156
5951175
52201049
65226374
99576657
78685995
13927690
67615974
42552315
5384438
8761578
66866800
8793700
7568186
73791118
29291501
68384736
23925561
92881986
17981305
17177026
3090558
96767874
39167795
30644566
93756630
7480155
7497671
1804051
52081552
37528069
67181823
19270305
96811746
20980940
9847144
47972087
4206853
83961632
75880657
53111247
98440560
52226761
96542562
21963762
43259232
67595000
47553465
20476014
55893576
1577113
21324763
28782860
18608970
35716491
54765633
39725624
91330884
86693499
70562435
88813970
70808528
33010272
82754792
5969678
43494155
3803374
76796596
90007463
31271872
55853178
86806508
41861067
40495154
24019569
98238017
44166459
60037172
20050161
89871744
80349735
13867083
46066439
4787206
72314631
88003488
66008713
21270227
4506883
97684603
96782919
16251474
24821799
88659719
96457058
64591447
27903213
29760503
83037988
9572915
16770117
18399748
41499646
18456106
30194455
48627213
35631180
85663065
33475177
3600886
66472638
98776030
46868668
45397568
3650267
52622882
97528025
96401404
99792119
15022768
31123113
67472195
944780
31923910
47732684
8531443
24362708
87319259
37757151
21494829
42273085
11476084
37057177
81306708
74934804
5325737
74032529
96623393
50331884
73250235
89150392
19809323
12798697
9954860
50124669
14081414
86897376
30418757
88731469
17138735
53192162
10074627
99212880
16089857
37979846
42326491
57623686
49287292
57718515
42266283
3419443
78750133
1063781
69827788
99095896
64221468
57297411
15801144
99532406
37327050
17478847
96895657
48179378
12547814
11450798
34270674
39999370
37321865
65294613
67183495
81157931
10376454
6039422
43324729
93868865
89295379
68978650
50470163
39901580
25502414
44564510
20151354
5325335
54805900
46098702
79667727
65187802
14878699
50158983
98425797
96801988
4012457
423780
35605533
26261426
82407726
62013206
7704167
80665860
72054923
63670501
16298838
56374792
19389347
46647629
86031377
16142016
69823833
32608388
90160438
87314898
85192078
67200227
75120130
38784172
94614817
56909156
26174288
57131871
403385
48211748
10520416
53419224
45077806
78483210
54925483
46913677
71007159
31869212
82345341
17566420
51813366
72503566
2169785
38386406
19628319
8335354
95252023
83500647
9251760
40837854
50485222
29894755
74759778
88478134
63932748
79306516
17365177
46420971
58176498
40005121
60659978
28848069
62120721
69099997
75712092
345612
25288412
94390153
34913554
61320239
43612408
22001162
38887807
79158553
49924354
25918906
37844036
6164745
47793210
98329377
98026530
38713364
12754086
70569868
26581825
7747140
41019810
333859
35203206
84846453
74375959
46644646
92746548
26835540
23155146
45766202
75571055
3459653
21732675
68045735
17671182
86055464
90113258
81472255
60145448
6188289
37051793
29319031
60783651
93314527
73134321
2863508
74251470
36185413
30546991
55346491
63749213
71919942
14520955
28654492
46648159
26962952
67842673
66090674
38554108
79180943
61586901
99729734
51278135
65142815
61175087
27951622
99099532
29959671
16306319
40744662
55920235
13458775
73727131
79115003
42248452
82691162
50902463
14514818
37758806
66699718
49210385
69366878
34241174
65273267
34881860
50304926
15269770
8888485
67964931
19613902
68417868
15008690
77776968
33857823
71632159
90740895
52202824
87843410
28745266
15163407
87339882
93959377
78456465
73858423
30430164
19045964
63559624
6686577
8785027
28165995
90846775
58337271
71813925
9016993
52705143
80719454
57150449
69612954
14211912
99730690
54534102
54103340
11174073
69984387
28067787
80187263
1213172
82530573
26833981
98511038
98660662
22531080
84954541
39821416
91204471
44178551
61245433
96460286
2850505
27793539
94046701
60570364
50265484
19418498
7851727
21655735
22380740
41277637
98243925
54271314
37597485
71333754
83927749
12893483
15333866
59910432
80441672
69713852
25411180
60669983
76696385
164383
14247948
4369487
31369859
60922073
81908482
44586029
92843674
37024765
37446865
33110000
90218904
72713956
21259796
62510593
31740355
84332777
16024881
71027440
96015382
14424698
57945729
5294520
69467943
64234713
74149033
5450963
39666428
41152920
74910673
23360852
44162519
17675051
50353477
70140685
17342615
55401974
63533216
55148784
7992822
22514668
47943427
39192022
18997375
32096000
58667364
44296273
24535217
10083487
69010720
70336030
85389031
39423961
51636258
23383487
61034495
56903319
63632050
75489587
25948430
34394463
77014434
50225931
2313224
6827322
87520415
56405598
37239181
14997450
70230726
66553955
10380519
25125040
83055202
79021516
84379690
81956595
3672000
5403358
46132551
65660874
90484553
7678284
19844880
85988170
15489783
93761456
24439315
98888008
41063632
40093971
63471164
17029527
3448760
56168384
33710523
76518798
25133815
60631696
45257603
69675193
93988076
60027644
86465706
66195531
88935200
46871694
12059674
31672086
97352123
5131888
87337698
68077947
28704620
18758778
31365387
60671493
167907
95977626
39210147
83117674
60079764
33690534
83533408
36567034
25617542
43362526
74532043
99285379
33596549
32070633
60415571
13372204
81303355
92832271
23768487
92162115
28583830
42855059
22205444
7267649
68718247
71808081
77655832
73099698
92449924
64557173
43108729
67738908
59654557
82942655
45714386
45383747
15130085
26188173
83659827
16395
85195603
64308271
7839541
98259577
28661620
17005670
13542585
9571056
89964181
71635873
78211184
6407649
54646985
46280813
27596997
25616932
83953923
33296663
25894293
86355797
80765089
46592323
17262267
62208992
51294813
69015243
13352540
25216740
6772553
70555162
72667404
67426166
50190893
34423584
56197309
91953289
87646314
15171811
61621286
83077952
61127991
76074016
42512585
93687103
6213390
67156187
60490402
2382991
54405982
46563681
39730317
62345396
73232712
30058628
11824816
4870651
93620282
71477114
43160075
43096447
33965271
39527785
62279700
92124579
73153939
13276379
51876788
96929560
379478
15492433
1201794
17582916
5447107
9988763
96026684
94847380
76301354
6167785
95669477
96088923
31317949
79420740
89301167
54406395
304210
87504199
58224058
36888273
62255522
18317576
74903314
80510174
69368986
43379607
55327160
45247276
51842182
46433772
76647935
20999740
30483000
89430037
5497528
15423502
70368708
85921435
34247372
71299469
83277461
70671547
64622555
45640183
82662750
61232271
90694050
91948176
9206380
92828845
87474060
95044516
7081100
96434668
4789801
17971240
21793032
63011655
81278810
57691342
98294899
54780069
33891523
93387745
96792243
66067874
67814710
49066330
76726449
87543966
28240757
84790973
70931629
58802843
42200636
41587926
97196407
17521114
22173020
90600895
93146793
32351554
65894775
38787718
89763937
56863401
8032908
50314646
8606105
69716492
73266439
79253772
52249984
42348829
25144654
78540418
69911733
18562424
16311439
85960965
22078715
89822639
69465516
96937057
44761124
86858456
23884780
15962838
45120136
55866815
21551122
22819084
59680413
93815495
54833058
94624099
43853395
8699034
10440490
75914124
51545575
2657021
88548339
56492373
16039958
66697454
17236295
45529022
29194222
66804656
46497648
26716170
85530509
99820126
70325161
73726574
95664694
11248461
52834662
86547479
10126833
81131413
14528661
7513557
51988344
10238794
56110800
76953630
58820222
40286755
9594368
52815178
85049690
36120467
93965358
51968689
64690655
40752977
78087743
28698659
31956320
53782530
33834898
79505634
80851575
54165983
39760194
637468
65553278
5199661
12384585
26866591
52154003
11763691
59864478
34601505
13561546
11274356
90324346
5682683
53870635
94069081
36192045
64212408
59917760
51229169
13243727
92501033
83879480
54303378
58187896
99629066
50341530
25203829
51289983
28598598
61594359
39753069
65394693
23707745
72029257
88909333
57562519
86080065
4788866
37000516
70915093
60329320
65262137
46188310
30744556
46840425
82311774
74287909
68422325
85537718
84810604
84780278
59658965
41351047
54213305
84156485
56424571
79076359
24414331
90055235
82494185
34589103
83616460
55551978
30267222
38343852
88784777
21916765
46290542
26967942
79181373
73286896
99869371
87342619
79656300
63266845
48532560
66420621
9909397
64789782
84176813
64375226
30851452
74885944
2139313
34984808
30676204
98577389
66264931
79980227
61859002
26044993
44669529
49413309
78221782
92743250
88030184
99222265
19106737
65602308
3872191
90012020
11931619
81641808
87794289
13273909
74956672
71497863
74830574
61975397
62379278
97865888
42857936
74632061
68391765
79408794
42678259
55102312
41904301
79105240
69225286
4969629
25867089
65960001
72833415
48433522
61432744
99662919
3308948
23108854
44980226
12255396
79132251
95008195
25112520
8985224
51828147
39730540
93739069
60016202
18014562
74795635
84216875
90980372
41029617
93906889
40038979
76390795
32312309
96762570
57203051
97069718
86442875
55386019
71239802
36863594
16056417
63771911
70847406
91963152
92967104
89657295
88372925
52018248
59740523
3824361
41250784
57658894
66353546
89710566
77874901
1187509
2468262
57984275
42963594
71526158
69315026
32712334
50779168
88462120
41512515
7553864
48904835
88006476
91248966
29215803
56687696
61268224
17405225
35761769
42567928
40222258
77195029
30923992
34128912
84757237
11198494
76354028
69161066
24982061
71336621
14282299
72960740
98918902
66533972
44832636
3813217
56463835
64788103
22457929
99284554
42171375
70418173
18786732
51662349
78262862
53989069
15015378
66823871
37279050
92541837
37750421
22155938
7716550
51798654
34361137
17702809
36860672
34864323
95120222
46453613
66977284
45464987
6998521
77217527
82607721
13411993
36477559
73791717
50290403
782961
68828349
10032711
97899688
22070577
83567576
29836773
4870762
85532400
28243096
82651840
47837892
48197800
88902384
90428495
21541288
61876559
63893791
20554755
71050336
99452563
99501121
12745519
39042087
73599229
33529703
45043842
3749893
39771767
58511295
52072652
68271221
90018163
51900176
79068400
40791841
50604287
44207292
77695438
35486081
88936171
59450623
4500407
64342031
80332111
94974468
47121957
86035637
18519863
82144479
6197554
46811732
5439348
17363926
68270929
54481671
61888682
39068671
31252576
97471271
38817679
33000163
51895292
13825758
16664414
49476608
81483240
43882333
43317976
97273568
33096455
83344970
11320854
65377023
11092477
71720422
54755521
99997702
99786161
49112768
72771719
60048158
95523902
2215252
31465320
68633707
96232842
19192370
92691995
27560246
66130951
83065040
17186806
3198985
70436462
97061300
51455209
3106005
67454389
87494435
81188624
83485728
69038415
48632753
60874538
15025074
52425821
55827896
53202094
87849553
60044119
49672727
39877929
17673443
30930475
67839243
71892605
41465851
67239899
59779765
33417607
28529291
82361026
33168744
31816705
99311986
3175653
59191395
78792278
38723202
36618488
86566479
15234854
16448395
70083201
65930830
17489800
6272397
65378567
17891260
6382535
19621468
23720476
5182979
35549247
53502357
52655264
91238152
88423321
56743477
56932446
65029832
98808004
98081106
79819070
68802501
63454220
52781207
93049035
34058888
95076044
12108018
89763633
82115591
70655792
31374904
48165418
42560677
25342211
51202500
17312052
89204336
31175933
7647672
39729641
46309836
91141113
57927382
79459259
82328758
12076792
92050524
34908497
54025829
50303979
18098335
83734602
88848135
91507116
80734899
59407026
14466402
31587219
27290828
21004285
76843827
4952479
71693735
51176249
45561119
73192620
51876313
35916051
47885029
7379379
1059048
25674279
35322117
69081274
93283163
68626299
67833903
38652305
8757325
17562655
67850264
32606217
71399399
17273208
66009982
22435340
77421770
68234539
15236694
12286517
28997354
74763956
48975065
26216600
69733685
3589544
68104924
38979409
64120196
29872073
65190226
44369741
20397177
43773779
42242549
27896166
18099576
89887479
4715166
23297254
52912751
56408705
11681023
65344923
18290789
82387658
54749017
49170620
15911208
17033230
30439490
58780353
57401630
84507597
33537997
73265096
10675307
46873838
3002827
9180095
84158056
98769006
5387331
59565423
62441903
89126819
88509023
65282352
5484596
26190923
66948361
27288963
71846483
63347593
83696917
74314840
68971687
90163417
14652866
98655149
87259919
76772810
71399674
73290944
99736629
94583359
83370799
96982758
21541662
57483826
77892970
28778220
40697288
94656802
15428921
37473630
37719686
9795794
1918675
11225236
6243300
79983658
50035323
59557112
60063513
90814012
12722397
15079006
50448657
58318412
66729817
58453832
57115223
67456833
46199471
87655142
60338293
95958306
17905950
70281770
28163412
95206075
99662211
75015150
21695152
37026336
29618662
9305260
50071843
8708878
52654156
27425774
30395540
66068807
23951537
50339345
28303453
70881307
69468526
73112084
98704472
81596183
13185674
3114955
39218253
87496988
68178604
69596637
89871936
94207660
79545560
90899155
42469051
12339718
33976430
37156951
2452095
6353642
93415312
56562150
51052864
18717203
67430936
92481469
31209124
84793682
57324148
68345735
31603144
11277858
3805472
752540
93003898
44931753
60559964
9364764
41498752
31937048
13537184
94634031
97234679
41761272
27889861
86168235
35480595
28790435
61992157
93203873
63892970
26144504
64535866
66960161
61467164
32976450
9407455
55109913
66888875
11155075
71030835
50138404
44915931
14686762
801172
7672259
30776033
84617507
71988992
2019193
32299677
30234189
25350994
68676954
28871118
66073374
67676173
5644274
61870531
31741837
82910682
32646082
39555786
10963100
78375946
83868164
19025461
9764072
44049658
3116568
65281498
69099584
41122792
27406495
22533867
47159144
82926776
33857518
27942625
89306923
62141529
67573827
71256434
35397051
81140849
72014506
7065946
6950024
92387406
3751070
10274440
57519735
793168
23927767
58389931
24747368
63037840
44333668
45156908
35871904
74995262
46587988
67398401
5062169
33471559
78475624
26970173
65286073
97910811
95397264
87264680
18482877
79104550
25095851
20381816
96143183
51826423
85213761
39976299
7891650
97960148
8627769
98678745
2546725
74694032
43027138
61053720
36958272
48381850
79748434
73220007
63899934
75129080
74511071
90275129
90884506
30591250
82705537
72854819
53222158
93448418
54081045
42027938
81646139
61711734
87119985
58598443
14589432
5645910
6585482
46326293
7026877
78294820
17519446
59382567
65088568
2798372
42256575
62936550
14172296
4602281
23804314
95758817
6240797
65194446
66007152
67629360
7613133
75749765
12105414
69851552
35442743
13338099
37686785
57293422
32712095
89487796
71927263
89147563
21460811
85788524
67028167
9297352
97202067
83741235
54913737
47115816
70526930
99215921
61160167
11859304
67944803
90220
77250282
50258835
28969371
16927129
61774947
22107065
49073370
43969686
20615028
38293287
34546990
20850505
87769786
30031363
19945662
67947885
42292777
60391943
32379095
23763295
26406308
14719033
91975023
52580541
52738752
91415859
12430446
81108054
82181593
19245340
92696668
61997491
33431044
86885199
35312659
62656635
48149111
66816213
32975206
69330050
15751205
42390495
48737014
49365833
61235064
16518203
94001461
74577903
69074073
9146946
95935245
74201038
1471248
98578669
38676217
22016972
70505040
56423081
33281195
84458267
1406482
79122087
9404332
85667747
10861101
47448746
44629614
62485012
12106365
66214157
977647
83867893
91506923
46699591
34982967
11268394
46780513
29336843
7788296
57364350
83809796
66582738
22520657
78167870
26750040
29458537
12269213
34917303
22553223
204996
50036782
11862506
35181044
41227577
60285943
51753086
17882806
33184198
26949378
53231416
70310475
94500540
38801044
32888050
81522794
15909642
86505994
10599890
23416513
80446757
6303107
5237070
49983024
76611526
79927097
93672641
35268944
99767011
29639303
64594043
87376599
97049329
39900829
14088580
9436827
93659697
58227309
90413268
71071325
4082643
60527219
7858150
95825001
90979563
50858347
66066618
37263141
35626775
5158552
57933287
42556865
77789454
59963101
49930816
69828244
2322181
92083387
57762289
32532488
35878182
6739281
68556505
27990064
38713090
72256142
7089309
99354344
80682498
93014484
79732845
28902634
96337229
50325035
76834543
8141758
62940882
17189318
15524654
27601554
28564486
97096208
8917141
22211350
14693446
29521676
23297224
88322777
33226355
79386886
7956962
10363453
20244743
62077842
77806606
61749546
37025084
94114048
54825808
17193029
71917403
44406963
18675920
15806975
43280063
26812708
19753941
93083578
25021416
72446285
68144492
6314623
53583801
66302828
72212316
93068598
87069152
21303968
73576318
85065571
61526025
26339930
61147002
16290174
91530736
36549858
11121273
13308158
6930386
41671406
896298
92848673
23689974
31786968
94510368
63888687
57970520
16220835
89002991
14067183
59173442
7400459
49858984
37098068
17754512
21769158
32907038
23382436
28240612
49957534
42597555
87454179
5408598
56705439
37476233
51643894
40583276
92265036
66719593
98952778
89906135
24690751
65463211
56520436
32539438
37613854
63328732
69502934
99988712
47967902
84380713
89176144
88706043
98582934
2492258
33981208
33751470
17555356
17550352
95899033
68821100
93949870
25360411
9775183
88943540
41352930
33790846
57534901
81408503
73138601
29545209
72096768
67218769
50649192
68618618
25927893
95701347
6991204
65782809
29420710
71477058
98225330
19813164
21622831
87951125
11621137
17119475
53431180
17323995
74748735
14008333
64399722
22309279
18204093
931065
41787964
62561142
64277566
85984314
37266249
33765705
35047717
77023179
82287052
81733794
67624332
92733339
10864416
83525647
87910551
7425382
1518819
7395386
73921996
50365869
63581855
69218813
26872752
49371305
38008717
8605732
16021805
66592250
22743373
39260636
46685872
30556000
28937690
86387974
89718741
90084914
68803533
7085622
62302935
61188827
35275067
79323767
52042828
52368797
69859623
98034123
27658682
19862627
50989659
86983377
10707961
40642335
54215969
6955788
89674359
19102047
3216863
47651217
12939420
38778849
78158052
33397335
93230758
11808095
68173753
45705268
51862315
6325229
93639355
90568640
33708652
47138840
62817543
60026667
95567507
81740826
15284229
35637735
98251997
63308921
57420245
65853556
51539610
25200232
41652942
21523697
77875031
28497261
27859888
64062220
11444551
30294910
49660565
40444872
13460609
19666859
7236814
24036721
64638652
32535182
79948255
32256664
65446993
17670173
8761196
31403675
71078454
5238347
62984317
9244338
88054273
2366110
6453830
11499456
97239767
56497278
91568003
12975572
26413959
63679129
61730199
66790269
42937916
69195424
14026578
5272861
65450848
31785962
11516159
41719754
95021762
31883818
82595581
93271349
89117234
25213525
25650608
39588454
91507326
59456801
369433
19333330
66264574
62924419
95608859
29649177
83831701
53860055
52435286
54207509
18269308
20981129
56126541
82902784
57487019
37192874
56535972
49651777
79935608
33059465
60594871
73907833
45689129
89528111
58897247
61951230
41447436
47396988
27871287
53682892
14131677
48351265
11776015
75014672
90969489
90437764
29917005
79555267
62653044
21078756
76909874
87548546
94506119
70638158
55494920
38665926
24675141
78230305
54406360
61447659
37061906
45528022
98587730
30357074
84179622
50632738
98851937
97627764
33608227
3464915
81075108
15736479
49570803
65222380
84891698
13460173
21427434
22410713
78343353
32668456
90582249
23665182
74050614
17052463
5531144
4627890
56185959
5588142
53102539
28725741
75157259
16475744
90099268
32803462
29520078
39783665
80571398
14221677
40069505
89073306
25730091
43778095
16695441
21753386
45504290
98053944
8456456
50233924
41727814
52220690
55151876
25180320
61148015
29814805
60334849
47682916
85047285
94464356
37118806
70260422
99939799
5874844
13592125
46541879
27150484
39655160
99350695
29591124
3813254
22237233
33358794
10479513
56095894
92062510
70994557
59028842
66456477
99974449
52888497
23104171
70413130
90043449
99068143
43717924
60837419
46783381
26333524
14423264
50986577
53025923
33404178
41536894
39847830
99511934
82727451
4302241
56355494
23164487
57583496
53658487
41082093
4651131
16038869
82024816
39308782
6854801
71348695
74779927
39167796
47576772
96493898
17393294
51686194
56983130
27114056
51836967
47925019
86979743
50146880
48725229
73436866
23794692
75627733
45072009
39848302
4120371
50098506
15490909
27285112
87500792
80568554
97236750
61725139
10601819
56340167
43832516
61418907
95721658
21568515
82730241
89616139
49524387
84513431
90560616
79855030
2549993
48524686
29131432
49087783
11887210
78939901
16404085
48302788
27344022
81025010
50580904
97127945
78727886
15040845
35263133
80184859
81041916
86400469
77462691
4636663
53423121
67026123
79670604
56370820
26155704
11534553
6000256
27001034
67422161
88601648
46334900
27105381
60976953
32380514
19646158
26896074
59993352
53887941
87012045
7827371
75374954
8698136
41520733
67506341
88303706
22892407
66337893
49172842
4888116
68895258
81916351
32299167
82757856
14338623
33073247
48836349
33987907
38791160
36982020
1239886
80877934
66077509
5898673
32712916
70320807
95494010
57466057
3547868
43409201
89743041
74540572
47157272
72812637
86893355
12051413
50443906
58573909
69002206
11033307
39471107
33256632
82901931
61848758
5587308
43697230
76585419
61150383
98242515
56177192
88354369
23059097
70679453
65116047
79509921
90886452
17228812
87858364
23137447
90008632
4738036
83147429
32704163
772652
29208133
68734236
91696539
10690548
95775100
20592334
36607751
47186492
72166883
9157303
50601653
89794380
61362748
55901035
29527997
31421288
30019671
21815146
60049532
7457551
48047621
82663258
19554257
18865643
74803028
2658194
27828434
37039111
37437768
53249511
81375977
48759238
27698868
25497357
83707761
10562294
7753542
19591900
80698393
90870997
73685924
14044739
49948980
71407512
77944906
1674760
95566047
66676818
84283985
90050750
47633807
3829956
26083621
43281522
83567028
11772517
96518941
13649277
29562231
27919551
76411554
27276484
70002248
34447287
85373851
97737507
76257459
2110397
53371222
29724031
27508553
78572140
28831858
51357914
17977468
94019840
31590127
89121890
46653797
469954
57927583
11336903
28794977
41820394
11619427
19377853
21157674
89902638
41347465
3094361
17118651
70025247
98842344
62486682
23844824
82688566
94446311
75768468
52609664
72393073
98596512
98783748
63659800
53208896
74043621
22722482
98527006
30995010
66644863
52112511
42849534
24622546
47765046
24837464
91660014
26125305
57191074
81421619
90784696
92157250
88891117
76671015
4639785
89573518
41452561
41116043
60302532
61775941
46862457
37497072
80203110
23713084
80655108
61734338
73075092
83905849
22874384
90709826
25378426
27750067
51481862
75991931
83674324
48314677
3553111
32055987
53364828
92902504
8133016
51919758
29930210
73332725
93952978
74541932
27631868
69974184
78841968
39016633
24513026
20968589
71385961
35238570
45300703
36758827
36403343
9776452
82895470
36760046
79793643
57381446
9047351
95282677
96945469
31014331
30978719
73501050
67144021
55080862
25908301
88676108
3095040
24173485
64492945
89057178
89489323
68434020
60006031
340558
10675377
70819409
97572391
20735330
90810613
9817107
89888579
97869531
39916681
31179460
78914117
8182595
97946399
12816418
32437790
91952186
9361517
51622170
75268063
40909889
22035410
373717
41394499
84360425
8792726
9542051
25835633
98891785
66283981
64071357
18928415
42361393
15057045
29948590
49973796
55550571
41952249
87723627
24698672
4375415
49542537
89470593
57263348
33181088
77735983
74132087
94054782
52682422
83982304
36115577
57790457
60635372
22930921
3170527
99123973
48639777
13231519
46394260
3872422
5089293
95163692
78856690
37308218
14800620
9672660
26876845
13545984
60722253
90152759
69482752
75286533
42434170
15451337
626553
13808500
55855572
75432791
53039206
1964739
60689335
84559308
75709128
33938361
61118199
25657168
29841599
608728
3364992
2555928
72414154
44196902
71933185
65853653
89612195
4438000
56124149
9359314
30510617
39435
71381294
30375852
74976628
54174572
76752608
94548332
75345832
83287822
24646554
82373437
84076184
44293393
20625341
14001402
96578036
5121320
99921400
1975997
95359030
87809871
58230168
64507006
58862482
82818377
95472402
13463711
92414319
58172197
46236459
12301972
72728499
48377175
53156015
35825656
37411183
30494079
6332422
56268249
86322004
86098668
20329349
63066055
24974096
21287825
56144999
35265880
51770038
24516431
88087453
12136604
48589666
53376044
81468166
1461271
95434286
24904752
33372784
1384764
97402118
88828999
7340933
23493162
31979454
79281267
7608915
18620948
89572813
59249974
61802751
32783228
94163402
35780756
55040693
19448274
54498533
56432469
72415448
90386285
45970527
54528969
31457994
78163828
74156571
43613888
64201215
35621455
87375913
57736256
40140998
14374975
50763228
91627300
29826839
654282
52214583
66287679
1087119
72031131
82403060
76504875
81601988
91380352
72532293
5101408
32234737
82758079
53233270
42984976
86092240
43434764
55260920
13200452
79765014
12611113
80651045
84187540
13498700
40553628
67544915
7168443
34493705
5403290
19210400
88218931
45123513
31542734
7320909
34393723
14804029
36872085
7668577
95064773
97330091
36965587
73725404
20609175
75954171
24911463
11953767
24956702
28026804
30585043
4822587
18181586
14720871
4825965
48735640
95488491
75303409
57231977
19236651
95886477
20273766
52102479
50749565
73819706
25514963
15808668
10232402
6818058
53861778
89448103
90045668
53264512
32017078
30345504
56187294
92020336
40756580
58063645
51569002
24005706
45349736
11344382
56843083
16861977
81741850
20390782
22355717
93693874
79521486
11102808
21204335
77467291
44730048
34367128
112464
8077405
75244449
60934760
41479065
38806036
93648185
76680973
85887219
12357366
31247624
54999697
70242089
38177137
24153066
28249273
92783125
17604146
62070973
88771035
65467217
57323621
36211447
57796988
67619491
18564812
50004203
30304289
24190560
70870936
59121342
88137627
59006723
76340100
27509430
31249541
9279391
25404892
5344767
84400084
55721757
57193279
9042708
23558184
43306986
40482796
3373468
91971829
44915225
75134931
70116823
32359350
64076175
42730990
72412172
49727057
50210635
39862338
47145995
48390220
55503385
2667854
30775235
70371185
84321588
41600787
69273908
90809971
48574440
33687844
26954485
72124134
20618075
46358647
19716598
48966334
74795970
22177400
99633720
12396936
74541228
9604743
22454308
15588077
35865490
62423106
54576699
17712390
99776724
45631949
58747070
87375515
10735782
26165309
25749355
87909195
85890732
65641647
43121298
11357125
89474725
45454573
76034654
22391515
57946608
16992761
26594719
18415077
22954190
28289413
32422105
96637599
74225082
5817120
48474000
94072522
25604416
6558695
48640294
34187468
16525631
75526868
20316273
2229401
80819759
91433309
86024903
89374830
1475562
52535485
21914737
49485449
20868248
51675889
94409533
12168441
93993231
44447080
92291378
83702570
44099908
27135558
61945135
94963567
23239693
6000878
60812314
36606055
38415270
88989308
33938626
35255728
65774485
13326984
29718301
79536421
89909870
58009272
71650798
29279312
95562628
83580607
98854845
89966983
2108577
53790777
39783019
80950286
29780028
93038889
69805176
76370811
35667835
16123158
41267278
46134906
7730260
24407598
83585767
23851323
76817979
5845421
33280699
35181504
50972293
42226320
99983814
8518297
90165970
89625512
53825577
87363373
28073341
90453698
40899765
80838717
4094883
28224423
81866643
53981137
85937634
26125062
71545509
34677515
56027927
68967919
79981863
58414027
59677068
19611282
92120411
33833527
40937350
44141178
74864050
18258376
59343199
29951312
83423113
83133663
64046442
61145099
34899907
99101474
92742312
55264618
11208170
40649360
29334578
79987986
79090719
58968093
72007558
60836886
81573460
12773758
4868902
1721678
24064518
26364416
65699799
59668227
2358677
59760616
13685179
54324157
65046887
20652938
27729216
318041
96476847
54948342
87478184
99499011
7649294
40328675
77492310
10077991
33117262
99654385
42950372
86058982
47120096
9315662
69454111
43637607
91266105
56428110
18384455
4508498
88799433
25862280
44426090
28661546
41583085
38015217
90825609
25477514
2211846
68704426
98505440
48760685
11290346
50341070
9896535
37290966
68722880
73868640
31579820
6951060
43625158
42581090
31909491
96970486
35261364
16583953
9788796
5040374
39857424
84916335
29613697
34185007
51006397
28837803
99632429
73716809
52371364
97906526
56054511
82495328
34484847
56017156
65702486
8589261
9841389
68788104
3158643
88567337
39409959
94826641
72711089
40905592
11948728
84803553
54364555
66117191
44092863
13714589
82737451
25947960
67533785
10573399
36252803
38798439
70015622
61664526
48750298
85413728
17574502
67112218
17825491
84219940
6729812
35949620
78753256
21798624
64727465
80540433
1776406
92725653
81486957
15226021
14322978
30663503
52656518
91002927
28994562
85467159
14969732
32694801
66449038
61951110
95447167
65577349
38551772
35614370
72904705
8881946
42993613
77222406
46587535
6079073
99806060
20347
44217529
10242805
98969111
68800606
70877330
68046665
50635653
82006783
85839930
52347780
37710910
34305474
28860009
47887132
1218643
42336562
46445513
21428204
72063605
78219623
40986593
19568560
67858386
26715434
89776450
78338117
5939475
67918801
50033020
31476958
1083347
82495246
38966022
85945325
30982837
61262920
38768810
17974400
34090081
54515478
97886516
14721853
98063145
17527563
69150696
70290502
88953449
78788503
42336717
77610942
28108998
59606654
19213205
37138779
55603808
31573931
55698526
98899914
3725565
99650448
25129066
61536803
58772651
55478218
19314339
99967354
49588657
33131615
60363308
82246854
93002060
88177342
81673789
24626017
51195651
40549950
25030806
95763488
1296044
42846020
23144487
38428332
43246277
43073422
66761984
4000890
63531329
64266237
73251243
54637105
57166931
79904906
71293506
561442
93054100
48981441
21230826
58981584
98528152
42436607
32495970
13995868
36812649
45528228
26871854
14049520
66292800
15064056
46007280
46825490
1692828
16523310
91220158
17414154
57578907
25761763
30454779
58699785
73679827
48294879
61860455
17940707
77949775
21034036
56340364
13720401
179216
93835943
43741002
19715171
85602381
98970022
19794174
41043
75985518
89939758
85935187
34203999
66319861
13169052
11915760
19411332
75656651
91370868
88654105
55239891
32136749
30130463
80772428
18290469
98064521
35828087
86608059
60337051
8469583
61467224
77878429
94719765
12795169
8941025
46994847
22165500
65505493
32366563
253626
50587555
9867207
91950871
1037193
42145012
9131564
42138616
16627253
74553833
67818633
19393776
55091419
82595774
6326831
17913893
25052644
79831448
9349387
33363397
31943852
11365637
2776663
70290245
69525520
76863754
52421726
66389618
43555861
58147008
79947870
12165421
643971
25711060
23668353
37072470
22230978
80744749
93355843
52872332
40271209
75554177
95005101
61411052
6631375
16556407
99820191
18958418
57442891
88394006
81558567
98571074
60693070
3297764
79482252
68695488
72318231
96424733
78573433
90516836
6304658
16096392
61245181
16902123
15513183
48267320
32565779
37763851
60388665
77066393
89631637
96429066
21983352
37656971
13750574
8710337
91472955
95431497
83676895
17716852
11150681
61120048
58198550
89394062
51231244
45488008
91514728
54225169
41263861
94853043
8973533
91875597
88541315
59503548
12914845
95550775
97741306
41075074
31050634
7567837
98641120
45265858
48381380
79857948
38710630
80938331
71057182
27251448
14352254
64673219
21160680
57820815
19652272
26506779
42557847
20580889
99650686
4679673
71376683
35848235
17925994
25815645
54553737
43662396
39665396
78392424
63176376
97502452
15342265
23229463
30141413
32701689
43927341
2162182
27592126
71060539
49577212
19265294
5215948
26705725
3211037
4985
45405427
33873194
23160008
33237441
88554200
32063447
43936319
36811625
68545951
20652925
27930889
48773859
92898579
43650758
24801913
30437885
11987751
321840
80335080
94692649
55563461
62516428
37855483
28243629
86612156
66157210
44330956
29250252
90874959
86057232
62904098
86765657
5011065
82151371
5456986
57639845
36928136
65041534
72000164
32489825
24592752
31133578
88673332
52442939
42268059
4378838
64764132
21118043
23206709
8334712
43671316
46080909
10143139
63611411
80122959
47197418
27782063
60253108
44197417
22649739
51219336
31694416
32069475
71240246
96733481
35839321
66331103
6261971
50145932
42315697
45625569
49769792
18751332
36102223
68908938
90486956
86400702
76691774
597403
19177620
9467121
8873964
56128708
82380102
94182009
90592853
99976741
51487573
38813881
11684673
81353611
70463576
89479693
25371738
64184800
43605936
9100626
24872695
71093414
36853423
14608242
66323967
49386056
74558004
34763675
18256699
36228872
80244495
89096609
35730492
82289664
18135713
93770535
78865554
87369349
67967676
57877223
8902192
29359972
33781053
39793672
53838496
34992422
23899845
17734228
37315289
58268077
50509241
19098105
69483603
11189713
48351413
28230807
15391556
16681971
87753747
59803848
54426721
46364538
51352800
16588229
48005673
30015418
31257358
48165070
44689467
23310787
69090473
30582371
98250862
23342005
83282394
91752765
78429036
75805147
83971984
50907875
74253603
54287723
50468721
34285996
20730841
70033742
40662324
1019060
51254834
80378493
59636664
72316098
89650223
40978746
64389389
3599611
83398301
93988259
93163785
13835172
26989028
15690589
16737619
77029146
31912
78137609
35963123
46659875
27862851
29665844
7711063
49138681
29330513
47151631
24935900
99441707
69839909
91655510
71950220
15120250
37087964
9382284
480578
32465885
7204337
21768982
11470546
9178518
75686273
6060272
63158157
58599969
54163168
68083656
11335246
8122865
62372326
96417382
42187572
30796147
98020890
64038817
18184705
49679822
49907773
48659856
44189242
46794889
45743558
86639623
69932033
78649453
77823154
95315694
79383749
65489032
3066950
35561241
84847560
23454341
86461433
32144297
22376420
61642118
10123255
4161670
2605417
51758429
96057176
3768763
3627301
16962283
7092094
26520856
18734806
61533206
38485215
12841237
64433874
41989874
5975332
16929261
47575984
50053561
27763989
43544643
48222527
47272853
42937202
52344843
4674268
78768097
28290323
77517879
13475758
97738828
36780410
80146485
22844795
21612663
65876238
84747437
2236465
73697723
80155451
63903231
74549324
54008106
33819283
65735926
38074876
55849856
22426418
97874213
20095882
93588087
68974279
8418278
64629682
57796128
22609124
97555777
25112250
22132380
43093068
89552232
1147840
50477773
78983861
59710330
9425616
61561803
9353993
4719319
11267816
31502565
58517974
36157435
76497297
29784665
28360477
34918660
87590668
17264416
83365220
30691810
86683359
56398800
37715738
44180810
5492602
12817448
95032743
36017953
97934103
33959853
39748716
94971444
9210346
19577501
40696271
643438
27467952
75709896
84251437
40638565
49109815
94219051
58590543
65135410
46965381
39985049
3947831
78619225
56949488
97830869
45042864
43686714
93866424
32155126
13538788
70920045
38564076
70858309
98203453
39225652
81892184
94763533
25741517
35452961
16106625
79877710
14510126
73888885
39822337
82614302
3995890
57479724
42528609
19548981
84192370
37217662
25224063
4194426
71983779
38733997
82414701
46766840
73394617
74664095
24012240
58814742
53864410
69618321
64018059
83527529
66589220
70589552
19069753
34201108
88869455
86635262
92196328
13778370
5485926
28174412
72935926
8172841
19763087
50362031
6308373
49049103
97582396
54300618
79819459
23357533
498695
55793658
73354470
87577861
50893748
96700934
87205453
10773124
94791544
22064000
29836529
78168643
29419988
55683614
3841169
73842862
11833736
82847162
85528021
14043793
51281239
99730412
86350460
64361715
70605118
89677949
46056791
4861216
73928766
6792480
84879055
21271668
39868999
63618734
77789554
14463124
79819715
89991540
48986101
51369800
84229544
62987703
26312022
20094792
74623711
27981037
21778892
77842425
42023207
44251823
28342792
13979768
71125429
87411886
37365521
65281225
83736807
6121545
92614621
99110108
47478810
84033842
31824720
6292802
35152447
9005089
79998772
17540252
28944337
7304766
16181636
47168886
30713632
19980995
52102156
8953418
5661925
51589764
2040461
89826029
46581686
56120718
57413435
91168052
30142003
27347109
26549924
62090930
3049334
55367351
62336797
8630047
97800668
36666748
38886800
46398145
76955480
80972237
46706725
24933260
29036369
89634488
57422536
10958156
6948256
86388813
26595843
7905097
48501202
40247771
17963348
65807608
59740102
98305949
20947076
93555725
74738514
56154764
81054925
40909160
27171926
55861228
29232596
48968331
60303440
89838361
40701517
96971159
20015007
6293170
96867222
86403986
48108361
79599478
30349395
17967333
53976263
33055766
76054263
61076546
47005346
3970255
75081178
18987360
69746906
10342567
52838849
60204097
88895347
96903993
32018444
44160487
40363950
60103499
14598100
14804630
11244157
86422868
32920217
78333239
16933909
25664213
55110216
17516543
33920974
80668361
70451217
76208099
26999183
47969299
48311195
87975298
43701878
15369401
2034568
88889800
64362630
13033398
1317009
32387613
38445245
53276868
82454171
54803271
31782480
39388781
67730089
27408576
8684750
23206661
18098888
47729971
40841990
66357256
58044353
96202436
88292751
89236867
8020656
39206120
54908071
41937671
7063037
69197684
5865441
20986675
8096295
57545708
78237841
7952954
46859722
1727098
3244198
40231840
44508165
36985796
9738399
78840105
42582892
17325034
6053482
5865481
21587509
51120496
83673941
92654814
23425673
81825701
24510020
17908338
77509665
75835641
30458026
93097443
12224129
30205874
607976
77771812
59368827
85663394
92235799
21808611
80799177
46948646
96377341
40527280
47615053
72139736
86496842
29614991
72915463
22703316
72773097
94798064
46859053
186011
71926308
96648390
5405442
57075808
37016302
9251173
20436748
18635672
56249431
48985416
13991605
98191438
82105239
76704013
17180502
57578802
12857087
65357575
6552261
41985753
77023480
25123494
30556507
52967644
54405423
27072813
37980780
31205717
83047338
95779830
80883307
53637221
56949782
27160539
28446923
32830770
85017995
94820617
10765617
60223845
48361170
20797175
57420105
65565794
60798742
25865567
62977326
15967948
64113751
82728098
51535544
41161700
67240825
82698863
125118
61289921
3188574
43536257
33775909
32218816
64990760
71165231
26621551
62517664
12662801
13439043
25079057
49637499
91678324
43954864
12465264
63152516
53707338
21020177
87037822
53827077
96837942
54540024
76891575
58777412
78048101
30915836
48481941
43700725
1772420
19525003
30773240
11261366
37882504
8805625
70684076
10719194
54835901
24842934
43885007
77349511
20556570
6671057
91643488
87583113
52238274
59762305
87322672
55179126
61170764
40987214
27102570
76483829
13580993
43130356
25726427
38658921
34660644
83227603
73949427
19307854
59847031
25970484
93679958
10743031
45573651
93027469
17458964
19663319
26189142
31857333
98339768
5993099
60401490
15313162
69719645
21897501
67520809
4118612
5895944
13234449
36495176
10460010
90370821
38717143
64105085
38760112
15177504
91176045
82230837
76039652
60943565
61819937
36339503
90890337
51432219
54810978
15577262
38581692
57522404
41775745
82295213
8167777
98218941
89302450
44554447
99949238
98989881
41106573
77669642
15546327
83661971
74278107
68638589
78426778
22199004
9940193
98291024
21972223
65195846
65893748
24633475
39284991
65707639
77859963
90951140
99869845
7751836
84290732
39570052
96174698
64178737
46211879
61282809
43439034
97523121
2503217
56960305
75491528
45316164
67266676
63890623
32539386
62724924
87345146
99253209
33800180
46573501
91475625
72312934
47857961
62502001
38565619
24834675
42618296
67823011
96389191
56568041
95521521
62702697
92235453
59761440
60660575
36381474
62541148
50162073
10998496
88546319
53022394
53401925
21085622
85993063
15633048
89012269
36080378
66103477
57318011
5491672
66953253
76778283
12417672
37616535
63210511
73024009
60674776
54516171
57432490
90179902
97314083
57369797
56864625
24311111
19187214
80019006
95026073
35756309
31527564
51680522
11440979
68497459
61766332
12863371
17276531
1963381
79878649
56884439
16817737
35948500
77211494
27259758
61048560
51322935
8965956
9054983
18860120
21141925
72850335
21455112
17228380
97624882
75313458
35350980
3925787
74682325
78738589
2645748
94398922
945133
51304892
20001261
68517253
85612177
10758895
97848125
16346637
58010147
35547018
87779966
20808607
10876890
53653703
9654681
34252658
77977001
34324020
46777793
27391501
86612595
3115805
2271251
35499153
87851174
38840894
42594597
78043048
11930531
88415574
68891272
28807276
83498333
33358579
42330051
26095661
8908615
17651851
38803466
55641973
87245444
88332446
56642837
70387470
32280876
72490305
99741101
81174275
46789247
24189391
54501224
46934365
62210483
71440094
17518489
76676314
71488541
21677318
30743170
14154227
19921478
66072797
96776556
70014309
50963115
7334599
1957382
63356679
25031043
90339984
2971028
56871544
18539758
85218763
92557040
38418570
91510020
757627
97084244
98128447
87483389
77289896
5539682
46585407
73290925
42644765
41677607
54022969
35692257
59552099
9696285
6126695
41238359
94295886
19245890
18170418
60165206
38534066
51845614
11652418
61198660
21969165
42443863
39961608
73735603
25820858
19869814
40582659
62025952
10802397
13640367
54690464
53592418
123321
997853
11765956
82934753
29395658
55344376
63708446
20719544
22987272
74229960
73417847
98452744
96941391
64404136
20589935
42677507
97126504
75531304
52382856
36976779
43168705
71103534
95700973
42166735
46101912
20195975
64881241
75862627
63347503
41269517
54056990
71595976
90133604
85898274
79282114
2694995
98033464
65221875
23207580
91449489
1170547
3351875
73516210
62766127
75585611
57268161
48069922
73982540
4235017
7306175
87405601
97361948
81002502
43690872
6792898
3326396
57366410
7694375
70766166
10309768
65305259
38701768
34274366
93424111
81493619
95058949
7444
70774832
52733901
1324775
38996962
19175258
37317248
27313933
57652536
66392793
57224544
62942284
41617787
88013865
77538552
56726246
36717439
78442628
90132744
96037196
20537859
23887127
75728568
99373886
69719162
84560245
99905475
32173198
12978938
30999433
22388978
20082068
81354502
70237405
99639884
62457437
82542798
89742491
47904778
19500803
74349705
87888769
23780564
13361524
65816649
44111879
69412116
15292411
11679371
27281010
71918599
73623964
25425531
89619795
89126569
44616618
52158460
15318062
47571830
75424955
82198507
61126208
35217072
5892824
44026337
82138399
34580562
83375231
46682170
19143884
97126562
22832485
97134408
25487056
21508047
72953069
74539119
96576685
80358750
8656556
8682568
89550188
29575780
96011207
30278206
5360141
32461013
34874419
94387084
70119246
24196162
17317503
57925761
7109264
66925159
58164050
74778572
37363695
10681589
12853333
57066532
57016447
60078657
96322698
53016548
86278028
36177726
10162969
65576334
32281667
86683337
97497581
20930002
79818326
75930075
13283143
5091878
89307694
4657192
38860462
17315494
47105990
27735621
95730123
55844826
12400946
6939710
33588501
8960633
3871334
84745361
50332369
31841616
46310298
39054025
4575520
70367908
4897128
1890779
25018130
27306906
78899124
67509588
81916262
7639726
933432
67772953
47501160
27138037
41897756
12302945
53859480
93445589
54370572
69910749
52460659
11898020
16754329
97012365
69577427
36616040
12036589
3175281
19956265
17643203
7061640
85458278
66615494
20630077
43777033
32511534
44163042
10865289
9611937
5569979
4250556
35465032
80860202
27373193
69236016
83657747
85707599
8073266
18408905
88525599
29966694
34296999
73508448
73552523
78492261
2893864
374095
60751028
95598993
69709457
59182306
19236529
30592930
17901937
85255597
47355943
80444822
16897706
93086649
54216110
37476701
39945348
98279201
45354010
88655561
19385501
13524827
77985839
30611082
36175143
60734461
68013656
64917938
94632769
90530153
80418511
13500395
46577828
9387158
10110451
23120363
67798269
61030205
12928332
22011128
67280347
83922857
7515657
46638284
41631807
88255669
74000244
10967835
88759767
71561354
51865177
10952369
53576065
81742792
33919861
20777073
74824723
83176380
19962980
97954758
93033629
37066244
62618446
61052043
16861021
20963430
11653028
84169842
28406865
54668369
32808740
27522805
64405867
59508542
54051414
55492684
33439042
28216170
70937108
59778856
34518885
86009719
34504992
13786132
6290622
78027736
99015897
16805999
59566983
9468925
39455768
37651168
22856935
33773303
31454440
56485838
2529315
82381931
11420943
63339135
13009716
68067626
4993590
99734990
61813801
13115930
12085794
31621297
54045376
45378689
26370850
46929824
64964065
60357986
75339328
10647394
66002126
30090523
15009953
98967471
34567120
83766250
81530802
930681
10658625
29021270
61597058
85745716
78162509
71629046
41893351
96564222
34255698
38964255
42418775
8693929
49480692
52168125
40184288
91554504
16211717
58483190
87142758
58655116
6906785
83080963
21165300
35340085
74027852
76632520
37693636
51348365
43893050
42482673
83182097
11470998
99676657
49919113
82439053
8140766
66093478
26002584
70149432
81821285
30447082
93389674
47664829
43221693
1084072
2262272
46261618
16550183
7802722
13975118
26498029
14027575
11861795
92374856
43554756
73341022
52220163
6690763
26736805
78110350
69624306
61428585
27835738
30344661
27584754
21673124
82332638
11068499
19481077
7499627
57383230
85209459
70905704
85862212
22619846
16202274
73366735
11885447
63913753
71048547
4563226
5868402
35039709
73554580
81231078
33555648
39496760
71039524
21375383
68404920
39298046
48773955
59069334
7691540
24864137
40813778
28022731
87653527
92673654
44210061
63248030
73285610
56181999
4598611
55272603
38543482
54432054
86739390
32132283
25600585
3306408
93321995
5283850
26314838
51775479
77324006
61247659
87276004
81864547
28115103
40397561
60273388
96904044
84483013
83383771
76217956
14840551
32589140
29399772
88559555
1534774
17167280
87186645
9687155
9173115
97035287
5438420
61212091
71633788
71644317
74964810
6659488
19215202
72517518
45480851
34903239
39672499
1686716
99170607
24325233
43635442
95607281
94678411
90202050
58534577
53610156
36388693
72009965
90385171
27744346
82154910
69411299
60515535
27504162
81492768
28465343
27104312
63463031
86669470
66978890
74473797
50272617
23897607
91123872
94000265
28664505
27226624
85998605
8564321
47950321
32291173
40301002
26454014
37044420
17798682
53063480
25580505
25843959
30584587
33788381
55894008
80524321
76746837
47730942
69136702
57971890
77185735
44531498
61879410
26633361
48602092
57810829
83191
70748989
66974314
81915827
92048939
54858645
89770725
71927960
62625289
84794850
83108577
75291903
73510867
35014357
55911585
34911999
87173753
60713564
6536462
92443280
92373477
49446148
32057232
27495350
22704289
36224116
38656238
81427812
7260119
42790621
53235262
57539931
54275499
5838206
26828438
21097979
21512680
98793737
11438782
99772427
52209645
83062268
28848725
30929846
37698336
78297313
35216433
73789308
8493133
1517252
61252205
69433232
33460841
92389010
30380505
35271376
50665656
89291819
48870047
83048901
69352405
20045723
28231346
16790804
58295274
82681632
9753033
55710563
294040
56918074
28938176
93086478
68584675
41348542
68058824
14064921
60056549
31573139
87982197
96353599
81970511
5508019
93284661
92997468
5954286
55687684
41831775
4292378
53503108
96029556
1699434
62527832
73827441
76685327
32668446
39772387
52956941
81125784
77245927
22862336
75947513
32432395
46426343
29906274
12265514
1359807
58680511
94238414
29464342
55987520
32147296
51575926
18466147
66895195
7438979
26823702
89762931
40524799
24674001
83834049
67711189
30167170
80939978
14711917
73972792
49333791
5594717
80291773
92063324
20078776
18744898
8197318
42057611
16362756
6770537
26512460
53123980
82172914
14791357
85328896
35418678
27046306
97120613
68396604
6687740
94438484
75809583
3164002
68595446
1610993
28368661
68234680
55685535
95973391
79072549
58652189
5802324
81856876
61319965
85642131
46461093
9090846
38898737
3328160
17024175
27926969
68719480
77156474
23385904
41284718
6178280
63692159
97841882
78655758
58336750
19927701
6253908
36086096
80750102
31220082
5157163
88376132
65778411
92815985
25411702
40344909
77202340
57026743
37328432
18904429
85033224
1515244
25655570
49537198
93028662
38889347
27930117
33419053
17766287
60340834
3348332
12476232
16323820
33762734
33148878
40840360
41224125
73164936
80479780
40135103
42996711
55861032
58147646
88820156
98087407
39348789
19586099
41833502
82760029
9193967
49716832
12025534
53608034
37873063
31731977
94391130
21413753
51891423
6634608
19618098
40021166
26238111
85897587
73644112
87768047
94997898
74307966
55212640
44477002
59442949
49008639
82923363
36113555
46570117
19042671
6888987
46171464
99617666
62646949
25652939
82416791
65530005
63990193
72385990
6745618
76515946
89392363
21471870
26150926
78648243
685372
8800329
93810260
56768258
61304050
62146056
86979255
69705727
80970670
17421552
99276009
64739277
39104073
77966630
21753744
98892202
87296239
8264556
83180647
58901637
85634791
3322631
45109676
34067811
62189473
95373358
5055308
39600863
54613488
99911476
42510757
66968470
91933506
79602096
97563043
90448936
63596068
10265047
13177857
94111085
34969050
20216117
39270492
37245596
4727690
37879137
96798656
4554311
18322994
46645159
38819510
50080342
88775902
79392347
26004449
86825197
68711297
65214873
74768999
77096281
36498587
27512478
1361856
71289981
11593980
2222931
29848534
17338198
84375679
22430896
89662237
96049330
96284261
20683000
61895981
86459485
73858195
42898610
8820403
62575627
63696514
37157939
36678285
24158301
8591323
33988897
35192997
65527372
55347630
30532778
29293246
46573855
26154650
85232920
7730255
10483842
31021527
30097306
21732395
29968289
30886660
3999098
24648284
82073879
99220890
65874790
80926664
20901863
84832481
7208899
17240136
212528
97298133
92812243
26645955
51336880
11575377
82236603
74035811
75335957
83553153
98171902
55252575
12892986
55592126
70865463
50031325
49418975
85550016
10293099
89199479
33169594
466235
8359712
59372706
87580153
78293394
56492527
84636853
62658799
73729057
85990945
61969689
31732160
61474098
35179251
43176884
16730623
39575659
35654258
19914069
36130822
65207721
46698736
89552085
3407077
4139054
33743816
57522778
18305675
18944958
86488240
62296176
62722131
45141319
58128700
22721838
69247254
63243481
52002525
6030849
69905411
45994664
90879449
15103882
3653037
74196740
63908783
56570739
89594610
41526139
13188272
15808412
89159819
93019456
48549024
42999747
34560515
21121256
39525490
8914883
18125776
63209808
73066767
20499491
13793375
62074481
25485444
84216529
608786
91774161
87895791
99809296
83566693
79614402
93431963
50422550
36455135
52982272
44693043
50262894
43484477
31595127
85377828
72655774
14256679
93741396
63424718
85246268
1109453
57019254
27083696
91455113
26025301
32599472
85858215
23105196
3248984
66931395
15820132
60548053
67942445
92263452
34051299
74674111
13231406
8552366
37686771
42595397
62146388
7342235
7661019
60167634
78747794
26468267
35008380
83205846
92367740
49983265
63030417
70000468
16506096
67331468
17547580
8963021
59587066
43799828
30746445
42843075
4789835
75554745
18534414
15778540
49384879
41433743
46277905
62643967
89386594
43472088
9664846
25763681
41720578
63373253
30651029
35618010
28202091
21837301
36106332
71999516
42116102
98669287
17241606
77640850
98449129
70094319
92852381
92611782
24568855
18875509
68868474
75870285
80944973
2177499
96284338
24982663
72980028
20931611
46544551
93521868
69986618
85899605
30834454
1872174
21058335
38798216
8651967
6248716
20500869
19281815
17911124
74259264
6457876
95780075
92556521
53964306
55119613
14420735
61416266
1391879
55139759
23666855
566386
18733015
10768374
87953769
82597989
20542557
47465379
63342187
30143184
49417482
60355409
32632063
38987260
45797701
69808654
18785854
87176678
83386671
96162179
83454070
90138929
31188827
44677984
19465244
95901373
16647798
62098052
16585422
1028904
59401321
49219766
62971350
87866494
11278445
41713495
31607170
88918155
34169546
26170728
11268482
39054091
51497487
37756270
65580993
48520674
61802124
7116095
59822563
10849338
33291801
51550903
20938502
99456912
9082758
83812531
10572833
23169442
80656298
34410195
30321114
7528653
2630989
77246970
7540230
33638072
48714791
25970088
30181792
58268198
72616919
26493459
59689464
69407575
89814484
38497578
49749648
40312407
37742799
15264501
69879404
92499582
96277450
18643783
337912
70873925
90781573
19651487
20584164
34866498
68470977
77682700
67220899
2296635
35441729
70184869
35694876
81526372
69514530
43227768
15701144
97845771
75871284
74654190
76541608
6813262
90976004
50720133
55095206
88444434
43501012
50578106
66280862
53305461
36313044
9546306
34601027
41569572
24798496
84690583
20698112
24238023
36792887
50545377
42921222
18783137
54404169
67728492
74211999
40764897
48329916
75426178
71073895
52962718
10167813
41899339
91394324
20853727
3524597
94372495
16026307
64567619
39797118
98445762
63875499
30621195
47839472
31066762
21251621
93378633
53177627
37353211
77213605
58429396
87448569
7857554
2598615
10496257
31543940
74973051
56647544
99069050
70160338
34103731
86130893
48004760
76384290
59631371
55944518
75086497
41081930
33028313
15410309
40884810
3554751
91693409
63932004
59476378
38234850
72318585
68184922
15925730
15828064
2563190
45261134
62021366
60584944
57202784
35112262
27156347
63382418
92223826
58993802
71704712
80374559
89102986
2286675
21197724
77980997
17065294
16815194
77659350
66490696
81520332
14029904
76238767
43339385
60579764
33300271
67929103
42338595
21638358
24244660
73251490
7007985
95130660
31637128
36986130
54302290
44432214
52330053
90282956
69472768
40423339
92429743
35417039
75967323
92012009
2140490
45115048
63988420
68353751
46061716
20272282
29919300
21071486
25680311
97079048
36525737
43874163
69256271
77399987
77087320
61349212
50800866
168305
64231805
70767998
45096399
11982365
67083761
69209189
78131816
1451966
91418089
2319407
57362334
26466717
35566337
35632595
66929436
6974446
42014045
70957988
35158952
90133394
78352339
14637165
11361891
76059791
71887920
78928242
15302237
583792
16324980
25454281
36023006
84634721
8683767
74905894
37226311
40967293
32095553
83330767
52014808
30080101
38334546
14221083
21795488
14568056
6654257
24541938
54933594
57614991
36308180
8587022
53946706
42063842
22076690
68100917
58755020
50588735
48037557
78159962
87751944
91104621
51826147
41019788
60473720
54310969
45061378
79676194
36946153
13063434
91689615
47827601
60847067
20460970
85760321
71698126
20344228
73432305
61596168
35053432
32077184
36524823
4986902
1325315
50335625
36210880
87803859
6580686
52821687
59852438
30296657
85277048
82589677
17935817
30578013
84803427
93630198
78326805
10266536
65759618
2818428
91167765
52525841
70656085
52019104
46121333
12308627
61327838
10853147
83772456
79399001
10642447
189636
43344033
83220716
17345040
95637289
84012014
87896324
76825462
61551906
3986515
86962179
9818831
75671174
2307865
65979419
82942982
90778037
75655750
92816709
10405267
94564248
31604476
85568071
20537427
85048858
31805736
5133132
93969511
87556878
3266576
4590276
35989033
46383522
10022434
39266218
5377977
99627327
75487120
7089956
97912092
30783613
52790080
54990833
83052991
8917854
61728652
71762981
54181318
55836677
40379706
3693752
52534509
49826586
40790510
96405619
75968421
41969889
11274085
56885728
24699940
91325844
82159584
90109746
97154709
25962704
49391299
7206764
78997689
41949827
70452177
63359371
85559796
52894197
62970254
7203384
85667512
55724700
93186497
75588705
40504458
43647420
71112623
63487426
86481702
18657289
74718025
16310753
32120007
58439921
55091870
63615925
41313136
63965716
35951634
50166628
36540340
62669268
43180291
33663081
44471860
63210014
40090767
14082541
70023834
1495987
66406896
85840392
14603223
42412328
33778138
84476132
24506727
31169435
48170105
66413168
15169138
6117565
94145227
98255807
20429044
88807350
66656351
30949291
66197679
88079880
49624801
36013427
72858237
50887035
7360459
14802671
53629692
72608470
2538065
67200605
40840822
67742090
61142597
20847125
68879204
22525677
83869169
99706681
25743427
88394394
49418942
20031989
79797898
9680573
60532689
19682058
1370126
97967184
78436431
82569631
47670014
1759016
66783866
16917649
55752295
54177344
18729458
35131220
62288831
49907256
77470756
88266394
93097523
48285129
3584720
61244115
48519220
52463623
70574152
94387980
3829017
7251575
20397484
79904755
63018952
11034927
66994784
34237374
38961264
84965859
51909244
62231880
52604789
49956430
34920338
24664904
2633642
69685991
46120534
60738044
45146724
10376699
45609669
95315703
22021222
93548565
83153009
61873462
33994904
66157931
8519389
67686578
80885226
62693790
15567734
56744880
65754940
45214282
97749121
72157533
92939523
80786835
49537566
32666457
12260343
14247142
61383882
26047612
37360958
1339758
61096166
98354733
2987699
58925613
10132563
96721458
43071308
1349881
59615740
8320121
86523696
78377355
69736481
72317105
8980801
85391802
30683040
26311163
95448873
61958654
98158230
71880908
79172150
3404221
98995451
69000451
34482800
26746935
8893737
33880102
42569449
57434343
62885323
11607701
3183428
14582745
47230778
44851272
49715880
17417565
76437282
97787139
89209573
61853082
40316959
10181395
58799494
69658357
78039683
89073261
96901175
46427086
3347669
50429202
63381775
16965128
77569489
85260937
80640348
18139555
84450416
62594717
40072562
4354932
68191741
75821385
11339682
10442084
27565314
43783665
39483552
60400442
1531205
77318785
17977654
37169051
1617726
80292655
8043594
39232862
93647387
29645009
78056584
88557278
27410721
13294030
10275448
14747536
95830816
94673267
36513934
91628123
63673986
70502712
84774776
30521375
11244769
5355829
25387845
1153407
26000963
42624157
82996283
5298553
27515048
72719155
70421666
99074066
43336060
54906790
85301204
22738887
80400864
96424717
16387526
64405727
35139642
80589784
90903201
67214753
27429459
75012480
47227867
30493588
5221730
83104532
14131820
30910823
65988997
30438794
1636156
87719020
43307820
21538990
78918597
23789150
99154100
53694193
3707565
64286809
3731196
16023375
25549121
94585939
94033764
89978848
97659724
35187531
14728496
90736620
64407555
54378444
5546088
92118165
64004247
1195688
8154553
91210673
52760996
93780917
83717165
5052644
19469847
80657083
12403149
53893199
33756515
22672274
19770050
64320025
63612406
73864484
17374498
86837020
36138630
28347826
90021908
74283999
44117768
25663229
41656570
80491557
23922524
83909830
70001832
78036219
38413482
22388293
51370029
49024270
38348239
79937299
99333941
24831113
12476273
89820100
68273186
29855640
31259542
39491129
61589845
59431861
10177980
25755005
92985814
54283364
55298957
93222002
5694690
52015140
75770437
44712185
68288378
13110453
65456829
38172301
40711282
91125553
10807884
42287578
7615189
41802600
14577754
16257805
51505614
73539072
99754794
50425492
37590430
87503378
2483605
34571121
33649709
83650836
88476360
33432463
82584063
37970360
69941715
79411252
94772864
76922167
46162040
84112836
98286504
21983891
86129880
81050835
62819196
99129536
79934098
52289147
25612906
91682831
83009030
84674914
67785273
56238438
77677160
20158338
87707400
69251971
60918904
47076524
39074486
3248310
63678400
88176943
92916118
60166814
81221936
44196750
2018218
81938755
17106806
36183910
45656042
78804794
66991415
70349306
28300967
61765651
18759724
99523217
7231522
38168748
52143149
79148377
51525765
88099235
29311959
49122671
96906583
89076356
10570471
79899618
38530311
52760715
96089612
57076026
1830249
60733900
6414913
78236956
81828232
19442806
65749626
86587262
25048997
85066992
20859475
58772991
28271572
14502593
33166625
72316419
85112152
95396242
18838667
8796418
22736657
78836050
89467967
17416890
46162368
22758734
64244903
77921723
88719266
61418790
30968835
73047291
97390924
23161478
42417840
13642621
90818525
71602329
520692
63330994
68247536
6431515
69025800
32549699
89622713
34040815
18895493
11851489
66687299
87256428
53134057
26843639
34048954
36322897
1179067
69922345
77651283
44652642
10303812
35286096
62909345
38691595
64967751
86923690
50599027
52536970
10219687
17484802
12064779
88646131
14141376
78472124
16372101
47268800
35708389
5466415
69054442
13735690
90124739
62668148
50005958
49795647
22716656
98220454
67350563
40166730
58540029
74407955
38485573
47851036
5950691
19842855
27764332
9737121
23461106
22344002
60443351
58458325
36652835
73375283
47029318
9315115
44458701
93049930
90680208
88523169
53428278
22407166
40248039
41532005
22725096
62775638
81927557
61529249
81057849
74159877
70813608
22316690
19296162
15423108
98628250
56216459
75080920
42823710
7557489
7906979
13685495
56921484
29719297
89279899
16977037
43876861
31243907
95552695
72035597
50363989
36911889
67675021
14667215
59232047
72814631
19021462
79368345
4310911
22928589
31316062
92621448
77432837
10414712
12787337
33021501
64756675
58169937
96676896
85060406
52628929
91657061
39863450
60558354
67922631
2923269
34451691
16234783
10524585
62735466
24377189
30384568
4681637
58883161
40085472
2918802
70869065
51363164
61051489
3479669
34285171
37363946
48874468
18852971
97774446
11813285
35176393
54485092
90767620
7851001
60339596
83984690
57006313
67645518
31761057
38279744
66926048
52174451
10829024
83407200
40429539
76872475
68428610
16495282
88120038
9794934
87965143
65464798
52960401
42787501
76461713
6422457
82609978
16068394
37333353
82452043
88259584
18153832
11585454
10209102
57261146
25179206
72770660
12013531
4666902
43886299
12077238
52753452
10008521
84588109
15485650
61599203
30901978
13033243
94505880
71351012
51214996
27465465
21723635
13243815
94992129
41881657
92537131
45273873
79015109
82340628
25882113
58555819
26176722
21115540
96554473
43555230
15017253
77925696
86638109
24343539
52435268
3564775
20402434
78113020
88197965
68600670
76860442
76930830
97140758
90302599
63781640
18269389
85352027
45437707
52726987
14347752
39549269
41567293
58484259
94298440
33025270
78553202
18340056
74453209
32344834
65066422
32343776
74289949
29375439
775212
32278773
72067598
68210581
54137642
33810596
34766564
10301204
15819096
70435519
99051749
92813488
38773544
52090587
65421126
99468684
7158025
88881716
77595198
87455979
6721775
24880293
3834151
29686456
4135092
60217441
54020854
20496568
76055177
91910451
79137572
65035756
54892341
83492827
72002766
26583283
98686755
28140937
3356457
14733831
31220877
76749752
10653139
29256324
56861294
44354002
54961785
63457761
45707543
13988050
92763105
53401337
7586337
96557912
78273617
19955406
46289262
6939047
67825064
73508271
8272305
79343592
61230886
26703584
58187740
30336147
36146429
674212
48277762
17652835
27334346
42075120
4831920
71507245
91109931
31994456
88855433
16627348
8408715
41322355
80264130
69318908
99555428
42808701
48182410
49823114
21766287
31704429
21818464
27696730
21145827
32531908
38061124
69267495
67202624
87004837
35527870
33756390
78442500
55378919
69501376
87836736
99833116
39954223
88431988
59152897
13580883
922116
88584733
5193775
9047113
50449603
80699239
69145486
96891744
14439241
20862778
18587418
19924408
60064416
59218009
43020734
69768282
55428131
78678673
61120627
61080237
7273628
4220560
8273911
57138027
17232721
44834684
58750970
24507074
18490078
95109846
41233840
28626151
85322529
70284757
50572748
54937701
95329559
25114665
55111850
51824011
34526347
35023094
82249748
92023868
7461857
70371956
35254977
91121131
95787681
6292801
51063032
48079812
68606412
42648681
3350214
115049
83743099
48083529
47208344
8651614
74396311
44722793
79929193
34048725
91472273
87514198
85233405
54703050
21587336
86962422
74453801
17620600
61779406
1184322
41058720
72010684
4173003
3997235
90423322
16350295
86585861
57630960
27949460
77286693
30634036
51142646
57833405
45671956
87061468
15911273
19950338
52888119
44888280
43424323
37081948
72385689
27952538
68423502
28631429
70118811
2856013
52155933
40698358
76883542
34982675
50612380
19862911
81164919
32581838
51954669
26570271
17263685
27385515
91257701
20938607
98907463
95436515
81081507
16548623
17155835
43866510
7860450
52479663
66608408
87486953
67538597
7397062
59680447
37933372
1567460
38552303
43261467
70362240
93465810
46815676
1697428
87201520
16535705
69366908
91451184
220184
45689832
42001180
25088819
1793911
65615576
45224479
4500518
32725840
6672965
52706942
58650830
38233101
79108134
82302518
2102034
96565876
9157661
52914241
19153045
94780814
76023564
65655861
98144426
59142965
45632061
28801827
54472079
50842688
48314479
63591851
20027683
77913641
14677077
38107975
53192787
73116111
59482453
58415576
58165719
85731785
47588550
46093078
56143939
46161731
31550037
82596915
88927846
19436989
79309356
95066825
77544059
22661628
68716208
31944456
78890602
29751473
7220679
96226155
76944842
47313825
58204892
91295105
58646508
58268281
86299183
73274793
92023747
76051096
20750046
44574123
78026433
86513081
56216360
26823417
89867920
9688668
68666786
8934284
15954363
85897958
98651147
46331909
43453644
48678874
58847224
36231147
40270348
2770550
46910821
37920289
93856104
56257039
53222969
14021439
40547643
53411943
2451925
36112731
80933493
8933775
90870857
62668806
87690587
58414571
72860668
80316917
58350350
75594661
18752850
83291269
17327446
27149929
11271241
54476647
20017914
76237797
37622994
3477245
28811836
31374932
63310829
1096672
63653511
32084807
65089405
36343293
74918764
40842385
40301077
69911406
27358398
11830784
84766741
11522039
99885805
93506194
10102777
51234442
31557995
69036337
72478598
36197449
36745844
95070255
9882009
33893560
49335410
23575369
18595046
18169725
76798767
53365766
54402233
40696460
76396185
36929052
49199323
58393698
5527556
59624683
42125307
64754085
14338680
80073075
93394411
23179711
27474569
84178880
56367398
79519964
47133252
94673646
3453884
66203825
39522877
4264303
50183702
37063938
70566932
44533735
69319225
50879845
44927137
58176809
96579535
21049876
52795563
85531249
99730238
89598158
52883594
3359258
40889376
44509657
78516996
36708352
75674326
64835035
52585522
14559225
46767050
25306007
47742679
18794560
72386796
92702922
56366975
82365964
37249263
70547938
11502650
31345425
30014987
58641591
4263352
505511
99556662
60264956
86820524
30820570
89657723
98204822
63084143
48119808
95020073
23938550
26575436
23224977
75228381
35199185
40082051
12486984
52887276
14212813
94251290
5775574
17638935
72360627
66793315
12671803
52378742
3482519
38728127
46804604
68177311
87324153
21838748
44121105
32916080
49003363
25732781
99060527
35730647
32779760
88668681
25992183
37066608
83374265
28781107
77775954
11644302
84487080
72808665
56067683
64264109
20185727
32551638
45653048
12409999
20049856
13638819
46062037
35313642
22924344
22181474
80492928
63936430
21212357
39445797
82657984
20752818
61472386
98454172
75815496
43077283
43836250
45975377
18387209
45788478
57058910
96900661
68967712
31045179
23681123
55301111
1905141
2438817
35355285
26371271
19965877
62491117
3064318
20527631
86817617
6430322
55695285
94404779
68299725
71363304
30581004
52971091
32717392
49165358
78936309
20486720
59650239
57618295
67308324
92710982
26381392
35010522
31211381
2611310
34921115
93695208
14270711
56427403
93047821
93198520
56816227
35238141
12086551
67213859
19469594
2718240
87537416
31946055
5826615
89257634
38364463
12676000
77843145
36155839
12933720
40992761
27375220
96046517
63682240
4385163
35353351
3404349
6659843
44770528
1234496
22533483
95007009
24879685
35616409
93911117
77781458
23259761
21326564
34341104
37393256
16710938
56369500
28786098
74239162
75728995
59366454
77291640
50583345
55619148
18184630
8008587
61956381
90884726
5645550
85406280
41914798
26288443
2586297
47886546
47643347
12179847
11973688
13342493
92408076
69921160
77240806
3020225
44559429
52697011
67372453
39490185
99159375
68118263
47334146
53785897
76438810
49285435
40292788
35938478
52617233
23827347
99782800
97943737
47519538
53247103
28185920
97381746
53272556
53971259
72535757
71938069
71816825
30035108
82335638
52987993
98246927
42270301
49013350
5182682
46203182
51925785
81064932
14300163
19401388
25911868
49644101
69178380
6118150
38442706
55187181
98094403
18341207
17711785
88855866
3292807
86100964
55120532
37857473
65243643
68941081
39823900
81589498
22106459
27137822
49807443
43832397
94677327
87657120
94473635
3506779
95999671
23686910
54044590
94246013
3024467
10128217
70217441
25178231
64644913
82961636
27630141
10864986
99761204
85816603
75391605
13915158
55662824
94427924
74973567
23907111
86060887
50371016
31007072
81703743
13120064
6978009
38724334
26803170
93819774
17245930
8857435
83993422
86920779
65003453
14742917
63308607
96638440
94360328
79769571
34213755
2639037
8910348
17517075
68375171
87904122
69399567
63499684
31730345
94667367
50055337
70321203
80673003
87114746
20504167
68190966
80256581
71778445
5028165
18376070
2590127
60133349
50959990
81629582
48932079
56038658
40041081
40873673
32313323
5540109
98215733
65327484
84278694
36881212
24959555
94445154
88822725
22062997
5412761
43606908
51276924
27077953
56710339
59740362
40417307
61658749
93324101
67332967
4198916
9096418
90379732
81611231
6244306
45498912
63743746
79079320
74016139
13478840
56043300
72376034
83740058
3966934
78108489
84701522
11094832
84275372
47347640
29401360
85935442
54941050
30751645
90438206
37656395
40161005
82177635
49754425
48983476
66094879
78866324
51450604
3700551
56707820
96459295
96987945
21193477
31315684
12817319
64867572
26792371
41862488
1387269
76191176
73752214
24586784
43218866
26285715
48171818
45426413
2793394
11123912
77848220
8511797
39196410
94815839
61014420
93742469
32011319
93989363
78672009
38582961
58039254
98729678
21218131
69213665
21128916
39302762
67685986
40167608
57215024
85553368
73230152
73122998
58478276
2343808
76133607
64530786
16267176
57434677
59526986
88870877
93083925
86635750
77563214
41985921
56478171
12222602
87815955
63540211
90845657
53471550
88392731
38220685
42234660
4632040
56337148
42435677
40054281
19921205
81982768
30494248
63476875
8245311
82060129
82213064
8433723
99589242
85450944
23142786
74710299
51166376
9536742
50839616
69270305
11988095
44045860
33197799
64238946
51753283
78427726
60295736
71971857
64723965
65135352
68171215
96983339
60559313
97540815
36492440
37508653
